


conjunto 2
SLF4J: Failed to load class "org.slf4j.impl.StaticLoggerBinder".
SLF4J: Defaulting to no-operation (NOP) logger implementation
SLF4J: See http://www.slf4j.org/codes.html#StaticLoggerBinder for further details.
1 35855.305
2 35755.957
3 35649.297
4 35535.22
5 35415.33
6 35293.67
7 35175.348
8 35063.07
9 34955.812
10 34850.98
11 34746.47
12 34641.113
13 34534.46
14 34426.547
15 34317.78
16 34208.875
17 34100.695
18 33994.08
19 33889.64
20 33787.723
21 33688.395
22 33591.57
23 33497.066
24 33404.676
25 33314.176
26 33225.355
27 33138.02
28 33051.992
29 32967.137
30 32883.336
31 32800.5
32 32718.566
33 32637.486
34 32557.236
35 32477.799
36 32399.174
37 32321.36
38 32244.37
39 32168.21
40 32092.9
41 32018.447
42 31944.867
43 31872.168
44 31800.36
45 31729.445
46 31659.426
47 31590.305
48 31522.074
49 31454.73
50 31388.266
RSTE: 0,923,1,296,0,908,0,925,0,926,1,312,1,305,1,267,0,231,1,134	Time: 06:33:36, 00:01	View: all
