49231 394532 176071 TOTAL EM CADA CATEGORIA

conjunto 2

SLF4J: Failed to load class "org.slf4j.impl.StaticLoggerBinder".
SLF4J: Defaulting to no-operation (NOP) logger implementation
SLF4J: See http://www.slf4j.org/codes.html#StaticLoggerBinder for further details.
1 35420.875
2 34883.156
3 34296.555
4 33733.453
5 33288.42
6 32983.58
7 32770.098
8 32605.488
9 32470.33
10 32355.504
11 32255.62
12 32167.111
13 32087.574
14 32015.395
15 31949.531
16 31889.332
17 31834.393
18 31784.43
19 31739.193
20 31698.418
21 31661.797
22 31629.002
23 31599.688
24 31573.512
25 31550.146
26 31529.283
27 31510.629
28 31493.922
29 31478.916
30 31465.395
31 31453.16
32 31442.041
33 31431.885
34 31422.56
35 31413.951
36 31405.959
37 31398.496
38 31391.488
39 31384.87
40 31378.586
41 31372.59
42 31366.838
43 31361.297
44 31355.936
45 31350.729
46 31345.652
47 31340.686
48 31335.812
49 31331.018
50 31326.287
RSTE: 0,942,1,292,0,918,0,927,0,989,1,282,1,275,1,334,0,236,1,088	Time: 05:47:56, 00:00	View: all


conjunto 2

SLF4J: Failed to load class "org.slf4j.impl.StaticLoggerBinder".
SLF4J: Defaulting to no-operation (NOP) logger implementation
SLF4J: See http://www.slf4j.org/codes.html#StaticLoggerBinder for further details.
1 35420.875
2 33612.234
3 32164.621
4 31222.645
5 30588.855
6 30098.424
7 29704.217
8 29383.979
9 29122.188
10 28907.463
11 28731.178
12 28586.592
13 28468.354
14 28372.148
15 28294.486
16 28232.521
17 28183.93
18 28146.799
19 28119.553
20 28100.875
21 28089.658
22 28084.947
23 28085.922
24 28091.865
25 28102.145
26 28116.213
27 28133.586
28 28153.84
29 28176.613
30 28201.584
31 28228.477
32 28257.049
33 28287.092
34 28318.424
35 28350.88
36 28384.328
37 28418.637
38 28453.703
39 28489.428
40 28525.727
41 28562.523
42 28599.752
43 28637.35
44 28675.262
45 28713.441
46 28751.846
47 28790.432
48 28829.166
49 28868.016
50 28906.953
RSTE: 1,025,1,246,1,028,1,016,NaN,1,256,1,220,NaN,0,256,0,762	Time: 05:32:12, 00:00	View: all
